100 1000
229 289
42 92
20 46
174 101
17 27
116 295
290 778
195 556
202 324
25 51
147 272
309 427
230 491
294 436
86 180
69 61
42 67
200 106
190 265
221 275
285 177
271 787
285 157
67 160
280 245
302 470
292 381
155 226
11 32
50 147
194 245
75 206
303 361
216 528
172 478
106 287
78 168
232 287
243 195
196 313
202 107
194 211
265 670
15 35
79 183
282 446
236 267
252 693
70 134
292 291
182 504
38 21
302 166
196 450
113 159
326 595
123 327
200 328
272 624
149 348
133 224
81 82
69 141
16 44
125 294
35 55
76 169
154 387
324 674
117 267
319 777
80 188
50 116
86 218
153 110
233 478
129 260
116 210
225 508
153 166
208 405
251 572
121 330
30 23
37 105
184 384
320 492
253 757
290 325
179 427
273 603
235 398
51 77
200 259
109 233
184 226
75 94
256 270
33 19
275 289